Load % | Injection Timing [-Degrees] | CO vol% | CO2 vol% | HC ppm | O2 vol% | NOx ppm
30 14 0.03 2.6 0 17.19 163
50 14 0.02 4.1 0 15.27 296
70 14 0.02 6.3 -1 12.26 490 
30 14 0.01 2.7 2 16.99 158
50 14 0.00 4.3 1 14.75 361
70 14 0.01 6.3 0 12.06 494 
50 16 0.01 4.2 0 15.08 369
50 18 0.01 3.9 0 15.6 450
50 19 0.01 3.8 -1 15.76 462
50 20 0.01 3.8 0 15.74 515
50 12 0.01 4.3 0 14.89 309
50 10 0.01 4.6 0 14.61 324
50 9 0.01 4.7 -1 14.48 327
50 13 0.01 4.4 0 14.78 409
50 15 0.00 4.5 0 14.77 419
50 17 0.00 4.6 0 14.63 492
50 19 0.00 4.5 0 14.75 558
50 14 0.00 4.6 -1 14.59 416
70 14 0.01 6.5 0 12.06 516
30 14 0.00 2.9 0 6.96 220